0.0594 0.3849 1
0.7106 0.0612 1
0.4554 0.3834 1
0.1022 0.5552 1
0.3486 0.3780 1
0.5821 0.6905 1
0.7404 0.8716 1
0.4757 0.1847 1
0.7205 0.0069 1
0.3714 0.6811 1
0.1108 0.4977 1
0.3522 0.3180 1
0.5078 0.9959 1
0.2481 0.8138 1
0.9818 0.1274 1
0.9899 0.8751 1
0.4849 0.6138 1
0.2271 0.9335 1
0.9652 0.7491 1
0.4674 0.9962 1
0.7077 0.3116 1
0.4461 0.6280 1
0.6861 0.9468 1
0.3415 0.1242 1
0.5831 0.4442 1
0.2329 0.1161 1
0.9749 0.4364 1
0.9726 0.6762 1
0.0622 0.5619 1
0.7148 0.2401 1
0.9526 0.5543 1
0.4506 0.2939 1
0.1927 0.1146 1
0.3504 0.7946 1
0.5874 0.6123 1
0.3268 0.9290 1
0.9826 0.6064 1
0.9773 0.3419 1
0.0725 0.2332 1
0.7205 0.9069 1
0.4621 0.7254 1
0.2032 0.5448 1
0.8538 0.7178 1
0.9412 0.1031 1
0.9458 0.8485 1
0.4457 0.5900 1
0.6849 0.9088 1
0.3412 0.0859 1
0.5761 0.9013 1
0.3161 0.2194 1
0.9690 0.8955 1
0.9707 0.1389 1
0.0611 0.5245 1
0.7972 0.3409 1
0.2981 0.0837 1
0.0420 0.4033 1
0.2744 0.7158 1
0.9380 0.4010 1
0.5196 0.2788 1
0.6724 0.4559 1
0.4197 0.7792 1
0.5670 0.9516 1
0.3084 0.7709 1
0.5463 0.5858 1
0.7060 0.2696 1
0.9362 0.5773 1
0.9409 0.3244 1
0.5261 0.2058 1
0.2654 0.5236 1
0.4185 0.1987 1
0.6645 0.5245 1
0.4014 0.8381 1
0.5529 0.0145 1
0.2939 0.3323 1
0.5351 0.1502 1
0.2725 0.9664 1
0.4255 0.1430 1
0.1628 0.4587 1
0.8223 0.6389 1
0.4083 0.5234 1
0.5631 0.2005 1
0.3009 0.5163 1
0.5378 0.8322 1
0.7783 0.6497 1
0.7829 0.3977 1
0.7829 0.6386 1
0.8692 0.0215 1
0.3729 0.7653 1
0.1122 0.5849 1
0.2645 0.7579 1
0.0039 0.5782 1
0.1579 0.2551 1
0.8934 0.0695 1
0.8958 0.3110 1
0.8934 0.5532 1
0.4838 0.9385 2
0.6408 0.6184 1
0.3742 0.9322 1
0.5341 0.6141 1
0.2686 0.9247 1
0.0084 0.7432 1
0.7548 0.5684 1
0.2538 0.8083 1
0.4906 0.6237 1
0.7303 0.4405 1
0.8831 0.6165 1
0.3804 0.8570 1
0.6259 0.1818 1
0.8660 0.4973 1
0.8671 0.2417 1
0.4521 0.6215 1
0.1086 0.8021 1
0.8485 0.1200 1
0.8478 0.8621 1
0.8476 0.1028 1
0.4378 0.9909 1
0.1763 0.8067 1
0.8312 0.4855 1
0.9156 0.8653 1
0.9159 0.6079 1
0.9157 0.8489 1
0.0051 0.2357 1
0.7448 0.5542 1
0.3995 0.7311 1
0.6388 0.0511 1
0.2894 0.2211 1
0.0312 0.0423 1
0.1846 0.7182 1
0.4263 0.0398 1
0.1665 0.8545 1
0.8160 0.5292 1
0.8201 0.2757 1
0.9088 0.6606 1
0.4039 0.8990 1
0.1423 0.2161 1
0.8002 0.3943 1
0.8005 0.6388 1
0.3887 0.0220 1
0.5462 0.2046 1
0.2795 0.5138 1
0.0183 0.3321 1
0.6760 0.0123 1
0.9145 0.3294 1
0.0009 0.2107 1
0.1565 0.8901 1
0.8944 0.2066 1
0.8959 0.9497 1
0.4834 0.3346 1
0.6357 0.5110 1
0.8796 0.8327 1
0.4655 0.2135 1
0.6986 0.0254 1
0.4485 0.8531 1
0.0966 0.5244 1
0.3387 0.3430 1
0.9857 0.5141 1
0.5777 0.9036 1
0.8169 0.2196 1
0.3211 0.9669 2
0.9711 0.1399 1
0.0618 0.0270 1
0.3035 0.3451 1
0.9502 0.5171 1
0.5397 0.4014 1
0.7775 0.2196 1
0.7828 0.4656 1
0.7792 0.7057 1
0.8713 0.5918 1
0.3712 0.8341 1
0.1058 0.1470 1
0.8501 0.9690 1
0.8447 0.2067 1
0.8535 0.4570 1
0.3485 0.1946 1
0.0960 0.0190 1
0.3329 0.3321 1
0.5709 0.6505 1
0.7228 0.8255 1
0.4633 0.6441 1
0.2029 0.9613 1
0.8542 0.1364 1
0.4455 0.5238 1
0.0980 0.1991 1
0.8418 0.5212 1
0.3394 0.7600 1
0.5811 0.5796 1
0.2297 0.2518 1
0.9718 0.0717 1
0.4701 0.8111 1
0.7119 0.6327 1
0.9570 0.9556 1
0.9545 0.6940 1
0.4564 0.4371 1
0.6901 0.2507 1
0.4355 0.0728 1
0.5892 0.7500 1
0.7387 0.4216 1
0.4785 0.2402 1
0.7193 0.0583 2
0.4657 0.3818 1
0.7023 0.1979 1
0.8498 0.3674 1
0.8548 0.6168 1
0.9399 0.9965 1
0.4412 0.2399 2
0.6818 0.5585 1
0.8375 0.7363 1
0.8356 0.4772 1
0.4234 0.8631 1
0.6600 0.6775 1
0.3221 0.3610 1
0.5565 0.6748 1
0.7930 0.9895 1
0.8007 0.7382 1
0.2991 0.9779 1
0.0377 0.2978 1
0.2742 0.1107 1
0.4320 0.2908 1
0.6724 0.1093 1
0.9122 0.9267 1
0.9134 0.1701 1
0.5004 0.0535 1
0.1532 0.7285 1
0.3922 0.0468 1
0.6341 0.8677 1
0.2877 0.5446 1
0.5290 0.8625 1
0.7636 0.6756 1
0.2662 0.4208 1
0.5057 0.2366 1
0.2440 0.5524 1
0.3984 0.7303 1
0.6341 0.0452 1
0.8810 0.8706 1
0.8819 0.1120 1
0.3790 0.3508 1
0.1215 0.1725 1
0.2748 0.3462 1
0.0160 0.6673 1
0.7537 0.9836 1
0.4889 0.2966 1
0.7318 0.1178 1
0.9734 0.4375 1
0.9744 0.1796 1
0.9741 0.9201 1
0.5604 0.3042 1
0.7157 0.4828 1
0.4599 0.8028 1
0.1087 0.4769 1
0.3471 0.2931 1
0.0853 0.1095 1
0.2458 0.7919 1
0.4780 0.6027 1
0.6378 0.2851 1
0.8757 0.6004 1
0.8713 0.8387 1
0.9644 0.2298 1
0.9617 0.9685 1
0.9650 0.7151 1
0.5519 0.0963 1
0.7945 0.4173 1
0.7888 0.1541 1
0.2914 0.9004 2
0.0307 0.2168 1
0.1856 0.3940 1
0.9286 0.2149 1
0.4302 0.4581 1
0.1674 0.7722 1
0.9082 0.5925 1
0.9077 0.3326 1
0.9080 0.0760 1
0.9933 0.4575 1
0.0017 0.2081 1
0.2407 0.0241 1
0.8912 0.1985 1
0.9759 0.5788 1
0.4795 0.8248 1
0.7204 0.6453 1
0.3748 0.3219 1
0.1141 0.1412 1
0.2634 0.3127 1
0.5038 0.1306 1
0.2444 0.4483 1
0.4887 0.2704 1
