0.215067 0.355358 1
0.733554 -0.458828 1
-0.903539 -0.427548 1
0.344869 -0.323799 1
0.127506 -1.177714 1
-0.523075 0.575352 1
-0.173437 0.130076 1
0.137050 -0.301971 1
1.431359 0.548119 1
1.107775 -0.684607 1
-0.539955 -0.040897 1
1.213969 -0.096579 1
0.290162 0.127683 1
-0.025222 0.125143 1
0.285897 -0.345952 1
-0.081986 -0.012021 1
-0.049658 -0.065952 1
0.595879 0.251083 1
0.563614 0.437306 1
0.566877 0.443709 1
0.268599 -0.345461 1
-0.482995 0.030944 1
0.286895 -0.485647 1
0.652094 -0.445400 1
0.195558 -0.002740 1
0.413877 0.613052 1
0.290754 -0.307866 1
-0.121376 0.148552 1
0.117549 -0.090234 1
-0.314913 0.446942 1
3.455468 4.420188 2
4.016279 3.555984 2
4.276264 4.050046 2
4.550305 3.727736 2
4.772106 4.151760 2
4.042966 3.699837 2
3.254205 4.244983 2
3.628849 4.369682 2
3.469209 4.855944 2
5.175229 3.902938 2
3.692199 2.930822 2
4.374038 3.580206 2
3.903791 4.677297 2
4.444305 3.463922 2
3.617575 4.480477 2
3.298866 4.062025 2
3.288812 4.718348 2
4.244097 3.019550 2
3.911312 3.901151 2
3.901973 3.396077 2
4.709655 5.454004 2
4.145792 4.412609 2
4.098906 4.689486 2
4.793850 3.470910 2
3.597767 3.765692 2
4.348312 3.863765 2
4.417544 4.549212 2
3.878142 3.861064 2
4.107835 4.350771 2
3.417078 2.974092 2
3.426024 3.823075 2
4.052437 3.588207 2
4.361127 3.211471 2
5.292746 4.253987 2
3.666555 4.140992 2
4.093666 4.016740 2
3.958753 3.333161 2
3.033489 4.563746 2
3.780517 4.175090 2
3.102661 3.850467 2
